6.808876991271972656e-01,6.838972568511962891e-01,6.869286298751831055e-01,6.899815201759338379e-01,6.930556297302246094e-01,6.961507797241210938e-01,6.992665529251098633e-01,7.024027109146118164e-01,7.055588364601135254e-01,7.087345123291015625e-01,7.119295001029968262e-01,7.151432037353515625e-01,7.183755040168762207e-01,7.216257452964782715e-01,7.248932719230651855e-01,7.281779646873474121e-01,7.314791083335876465e-01,7.347962856292724609e-01,7.381290793418884277e-01,7.414765357971191406e-01,7.448385953903198242e-01,7.482143044471740723e-01,7.516033053398132324e-01,7.550047039985656738e-01,7.584182620048522949e-01,7.618432641029357910e-01,7.652786970138549805e-01,7.687245607376098633e-01,7.721795439720153809e-01,7.756437063217163086e-01,7.791156768798828125e-01,7.825952768325805664e-01,7.860816717147827148e-01,7.895741462707519531e-01,7.930721044540405273e-01,7.965749502182006836e-01,8.000819683074951172e-01,8.035925626754760742e-01,8.071055412292480469e-01,8.106213212013244629e-01,8.141382932662963867e-01,8.176562786102294922e-01,8.211743831634521484e-01,8.246923685073852539e-01,8.282092809677124023e-01,8.317247033119201660e-01,8.352378606796264648e-01,8.387484550476074219e-01,8.422557115554809570e-01,8.457590937614440918e-01,8.492580652236938477e-01,8.527523279190063477e-01,8.562411069869995117e-01,8.597238659858703613e-01,8.632003664970397949e-01,8.666700124740600586e-01,8.701325654983520508e-01,8.735872507095336914e-01,8.770337700843811035e-01,8.804720044136047363e-01,8.839009404182434082e-01,8.873207569122314453e-01,8.907312154769897461e-01,8.941314816474914551e-01,8.975214958190917969e-01,9.009008407592773438e-01,9.042694568634033203e-01,9.076267480850219727e-01,9.109728932380676270e-01,9.143069982528686523e-01,9.176293611526489258e-01,9.209396243095397949e-01,9.242374897003173828e-01,9.275229573249816895e-01,9.307954311370849609e-01,9.340549111366271973e-01,9.373015165328979492e-01,9.405347108840942383e-01,9.437545537948608398e-01,9.469609260559082031e-01,9.501535892486572266e-01,9.533325433731079102e-01,9.564973115921020508e-01,9.596483707427978516e-01,9.627852439880371094e-01,9.659076929092407227e-01,9.690160751342773438e-01,9.721099138259887695e-01,9.751892089843750000e-01,9.782540798187255859e-01,9.813042879104614258e-01,9.843398332595825195e-01,9.873607158660888672e-01,9.903665781021118164e-01,9.933575391769409180e-01,9.963337182998657227e-01,9.992948770523071289e-01,1.002241134643554688e+00,1.005172252655029297e+00,1.008087992668151855e+00,1.010988950729370117e+00
6.330323219299316406e-01,6.360962986946105957e-01,6.391901969909667969e-01,6.423139572143554688e-01,6.454676389694213867e-01,6.486510038375854492e-01,6.518639326095581055e-01,6.551063060760498047e-01,6.583778858184814453e-01,6.616784334182739258e-01,6.650075912475585938e-01,6.683651804924011230e-01,6.717507839202880859e-01,6.751642227172851562e-01,6.786049604415893555e-01,6.820725202560424805e-01,6.855666637420654297e-01,6.890867948532104492e-01,6.926324367523193359e-01,6.962031126022338867e-01,6.997982263565063477e-01,7.034170627593994141e-01,7.070590257644653320e-01,7.107236385345458984e-01,7.144100666046142578e-01,7.181177735328674316e-01,7.218458652496337891e-01,7.255935668945312500e-01,7.293603420257568359e-01,7.331449985504150391e-01,7.369470596313476562e-01,7.407654523849487305e-01,7.445997595787048340e-01,7.484484314918518066e-01,7.523111104965209961e-01,7.561866044998168945e-01,7.600745558738708496e-01,7.639732956886291504e-01,7.678823471069335938e-01,7.718006372451782227e-01,7.757273912429809570e-01,7.796615362167358398e-01,7.836021780967712402e-01,7.875484824180603027e-01,7.914996147155761719e-01,7.954542040824890137e-01,7.994117736816406250e-01,8.033713102340698242e-01,8.073320388793945312e-01,8.112930059432983398e-01,8.152530789375305176e-01,8.192118406295776367e-01,8.231681585311889648e-01,8.271215558052062988e-01,8.310706615447998047e-01,8.350155353546142578e-01,8.389546871185302734e-01,8.428878784179687500e-01,8.468139767646789551e-01,8.507324457168579102e-01,8.546428680419921875e-01,8.585443496704101562e-01,8.624362945556640625e-01,8.663181066513061523e-01,8.701890707015991211e-01,8.740489482879638672e-01,8.778971433639526367e-01,8.817329406738281250e-01,8.855558037757873535e-01,8.893656134605407715e-01,8.931616544723510742e-01,8.969434499740600586e-01,9.007107019424438477e-01,9.044633507728576660e-01,9.082004427909851074e-01,9.119220972061157227e-01,9.156275391578674316e-01,9.193168878555297852e-01,9.229893684387207031e-01,9.266452789306640625e-01,9.302839636802673340e-01,9.339053034782409668e-01,9.375088214874267578e-01,9.410949945449829102e-01,9.446625709533691406e-01,9.482121467590332031e-01,9.517432451248168945e-01,9.552558660507202148e-01,9.587494134902954102e-01,9.622242450714111328e-01,9.656798839569091797e-01,9.691164493560791016e-01,9.725335836410522461e-01,9.759310483932495117e-01,9.793092012405395508e-01,9.826674461364746094e-01,9.860059022903442383e-01,9.893245697021484375e-01,9.926229715347290039e-01,9.959014654159545898e-01,9.991595745086669922e-01
5.821646451950073242e-01,5.852122902870178223e-01,5.882980823516845703e-01,5.914224386215209961e-01,5.945853590965270996e-01,5.977866649627685547e-01,6.010268926620483398e-01,6.043057441711425781e-01,6.076235771179199219e-01,6.109800338745117188e-01,6.143754720687866211e-01,6.178096532821655273e-01,6.212826371192932129e-01,6.247942447662353516e-01,6.283441781997680664e-01,6.319324970245361328e-01,6.355588436126708984e-01,6.392228603363037109e-01,6.429244279861450195e-01,6.466628313064575195e-01,6.504380702972412109e-01,6.542494893074035645e-01,6.580965518951416016e-01,6.619787216186523438e-01,6.658954024314880371e-01,6.698461771011352539e-01,6.738299131393432617e-01,6.778464317321777344e-01,6.818941235542297363e-01,6.859729886054992676e-01,6.900817751884460449e-01,6.942193508148193359e-01,6.983851194381713867e-01,7.025779485702514648e-01,7.067968845367431641e-01,7.110404968261718750e-01,7.153081893920898438e-01,7.195983529090881348e-01,7.239100933074951172e-01,7.282420992851257324e-01,7.325931787490844727e-01,7.369619607925415039e-01,7.413473129272460938e-01,7.457479238510131836e-01,7.501627206802368164e-01,7.545899152755737305e-01,7.590285539627075195e-01,7.634773254394531250e-01,7.679347395896911621e-01,7.723995447158813477e-01,7.768704891204833984e-01,7.813466787338256836e-01,7.858259677886962891e-01,7.903076410293579102e-01,7.947904467582702637e-01,7.992731332778930664e-01,8.037543892860412598e-01,8.082330226898193359e-01,8.127080202102661133e-01,8.171781301498413086e-01,8.216422796249389648e-01,8.260992765426635742e-01,8.305484056472778320e-01,8.349882960319519043e-01,8.394181132316589355e-01,8.438371419906616211e-01,8.482437729835510254e-01,8.526379466056823730e-01,8.570182323455810547e-01,8.613843917846679688e-01,8.657350540161132812e-01,8.700696825981140137e-01,8.743876814842224121e-01,8.786880970001220703e-01,8.829708099365234375e-01,8.872345685958862305e-01,8.914792537689208984e-01,8.957040309906005859e-01,8.999085426330566406e-01,9.040921330451965332e-01,9.082545638084411621e-01,9.123951196670532227e-01,9.165137410163879395e-01,9.206094145774841309e-01,9.246823787689208984e-01,9.287317991256713867e-01,9.327574968338012695e-01,9.367594718933105469e-01,9.407373666763305664e-01,9.446901082992553711e-01,9.486184120178222656e-01,9.525216817855834961e-01,9.563995599746704102e-01,9.602520465850830078e-01,9.640789031982421875e-01,9.678796529769897461e-01,9.716545343399047852e-01,9.754030704498291016e-01,9.791251420974731445e-01,9.828207492828369141e-01,9.864898920059204102e-01
5.292351841926574707e-01,5.321742296218872070e-01,5.351597070693969727e-01,5.381911993026733398e-01,5.412691831588745117e-01,5.443940758705139160e-01,5.475662350654602051e-01,5.507858991622924805e-01,5.540533065795898438e-01,5.573689937591552734e-01,5.607328414916992188e-01,5.641455054283142090e-01,5.676069855690002441e-01,5.711175799369812012e-01,5.746775865554809570e-01,5.782869458198547363e-01,5.819457769393920898e-01,5.856545567512512207e-01,5.894130468368530273e-01,5.932211875915527344e-01,5.970790982246398926e-01,6.009867191314697266e-01,6.049436926841735840e-01,6.089499592781066895e-01,6.130051612854003906e-01,6.171090602874755859e-01,6.212612390518188477e-01,6.254611015319824219e-01,6.297082304954528809e-01,6.340019702911376953e-01,6.383415460586547852e-01,6.427263021469116211e-01,6.471552848815917969e-01,6.516277790069580078e-01,6.561425924301147461e-01,6.606987714767456055e-01,6.652948856353759766e-01,6.699302196502685547e-01,6.746029853820800781e-01,6.793122291564941406e-01,6.840564012527465820e-01,6.888338923454284668e-01,6.936434507369995117e-01,6.984832286834716797e-01,7.033516168594360352e-01,7.082471251487731934e-01,7.131679654121398926e-01,7.181122303009033203e-01,7.230783700942993164e-01,7.280642390251159668e-01,7.330684661865234375e-01,7.380887269973754883e-01,7.431234121322631836e-01,7.481706142425537109e-01,7.532285451889038086e-01,7.582952380180358887e-01,7.633689641952514648e-01,7.684476375579833984e-01,7.735298275947570801e-01,7.786134481430053711e-01,7.836972475051879883e-01,7.887786626815795898e-01,7.938567399978637695e-01,7.989293336868286133e-01,8.039951324462890625e-01,8.090527057647705078e-01,8.141001462936401367e-01,8.191362619400024414e-01,8.241595029830932617e-01,8.291684389114379883e-01,8.341622352600097656e-01,8.391389846801757812e-01,8.440977334976196289e-01,8.490373492240905762e-01,8.539568185806274414e-01,8.588550090789794922e-01,8.637307882308959961e-01,8.685832023620605469e-01,8.734115958213806152e-01,8.782149553298950195e-01,8.829925060272216797e-01,8.877433538436889648e-01,8.924669027328491211e-01,8.971624374389648438e-01,9.018292427062988281e-01,9.064668416976928711e-01,9.110745787620544434e-01,9.156519770622253418e-01,9.201985001564025879e-01,9.247136712074279785e-01,9.291970729827880859e-01,9.336483478546142578e-01,9.380670189857482910e-01,9.424526691436767578e-01,9.468050003051757812e-01,9.511240720748901367e-01,9.554090499877929688e-01,9.596601724624633789e-01,9.638766050338745117e-01,9.680585861206054688e-01,9.722057580947875977e-01
4.755981266498565674e-01,4.782845079898834229e-01,4.810270965099334717e-01,4.838258326053619385e-01,4.866811335086822510e-01,4.895929396152496338e-01,4.925616085529327393e-01,4.955872595310211182e-01,4.986701309680938721e-01,5.018105506896972656e-01,5.050086975097656250e-01,5.082650780677795410e-01,5.115798711776733398e-01,5.149534344673156738e-01,5.183862447738647461e-01,5.218785405158996582e-01,5.254307985305786133e-01,5.290434956550598145e-01,5.327168703079223633e-01,5.364513397216796875e-01,5.402473807334899902e-01,5.441053509712219238e-01,5.480252504348754883e-01,5.520077943801879883e-01,5.560528039932250977e-01,5.601609945297241211e-01,5.643321275711059570e-01,5.685665607452392578e-01,5.728641748428344727e-01,5.772247910499572754e-01,5.816485881805419922e-01,5.861350893974304199e-01,5.906841754913330078e-01,5.952953696250915527e-01,5.999682545661926270e-01,6.047021746635437012e-01,6.094962358474731445e-01,6.143497228622436523e-01,6.192619800567626953e-01,6.242315769195556641e-01,6.292573213577270508e-01,6.343380808830261230e-01,6.394723653793334961e-01,6.446585655212402344e-01,6.498949527740478516e-01,6.551799774169921875e-01,6.605118513107299805e-01,6.658879518508911133e-01,6.713069081306457520e-01,6.767662167549133301e-01,6.822637319564819336e-01,6.877967715263366699e-01,6.933631896972656250e-01,6.989607810974121094e-01,7.045866250991821289e-01,7.102382183074951172e-01,7.159129977226257324e-01,7.216083407402038574e-01,7.273215055465698242e-01,7.330498695373535156e-01,7.387911081314086914e-01,7.445420622825622559e-01,7.503004074096679688e-01,7.560634613037109375e-01,7.618287801742553711e-01,7.675936222076416016e-01,7.733558416366577148e-01,7.791128158569335938e-01,7.848623991012573242e-01,7.906020879745483398e-01,7.963296175003051758e-01,8.020430803298950195e-01,8.077405095100402832e-01,8.134198188781738281e-01,8.190789222717285156e-01,8.247160911560058594e-01,8.303299546241760254e-01,8.359184265136718750e-01,8.414802551269531250e-01,8.470138311386108398e-01,8.525175452232360840e-01,8.579903841018676758e-01,8.634310960769653320e-01,8.688384294509887695e-01,8.742110729217529297e-01,8.795483112335205078e-01,8.848490715026855469e-01,8.901124596595764160e-01,8.953372836112976074e-01,9.005233645439147949e-01,9.056694507598876953e-01,9.107753038406372070e-01,9.158396720886230469e-01,9.208626747131347656e-01,9.258432388305664062e-01,9.307810068130493164e-01,9.356756210327148438e-01,9.405266046524047852e-01,9.453331232070922852e-01,9.500952959060668945e-01,9.548126459121704102e-01
4.242261350154876709e-01,4.263606667518615723e-01,4.285673797130584717e-01,4.308466017246246338e-01,4.331982433795928955e-01,4.356229007244110107e-01,4.381204545497894287e-01,4.406909048557281494e-01,4.433345496654510498e-01,4.460513293743133545e-01,4.488414227962493896e-01,4.517045915126800537e-01,4.546411335468292236e-01,4.576508104801177979e-01,4.607339799404144287e-01,4.638903439044952393e-01,4.671204388141632080e-01,4.704240858554840088e-01,4.738015234470367432e-01,4.772528111934661865e-01,4.807783663272857666e-01,4.843782484531402588e-01,4.880530536174774170e-01,4.918027818202972412e-01,4.956279695034027100e-01,4.995290935039520264e-01,5.035063028335571289e-01,5.075601935386657715e-01,5.116910934448242188e-01,5.158997178077697754e-01,5.201863646507263184e-01,5.245513319969177246e-01,5.289950966835021973e-01,5.335180759429931641e-01,5.381205081939697266e-01,5.428026914596557617e-01,5.475648045539855957e-01,5.524066686630249023e-01,5.573286414146423340e-01,5.623303651809692383e-01,5.674116611480712891e-01,5.725717544555664062e-01,5.778107643127441406e-01,5.831273198127746582e-01,5.885209441184997559e-01,5.939904451370239258e-01,5.995344519615173340e-01,6.051516532897949219e-01,6.108403801918029785e-01,6.165992021560668945e-01,6.224253773689270020e-01,6.283171176910400391e-01,6.342720389366149902e-01,6.402873992919921875e-01,6.463608741760253906e-01,6.524889469146728516e-01,6.586688756942749023e-01,6.648976802825927734e-01,6.711714863777160645e-01,6.774871349334716797e-01,6.838409900665283203e-01,6.902297735214233398e-01,6.966492533683776855e-01,7.030959129333496094e-01,7.095658779144287109e-01,7.160557508468627930e-01,7.225610017776489258e-01,7.290786504745483398e-01,7.356042265892028809e-01,7.421343326568603516e-01,7.486653327941894531e-01,7.551938295364379883e-01,7.617161273956298828e-01,7.682288885116577148e-01,7.747287750244140625e-01,7.812129259109497070e-01,7.876781225204467773e-01,7.941212654113769531e-01,8.005398511886596680e-01,8.069313764572143555e-01,8.132929801940917969e-01,8.196223974227905273e-01,8.259172439575195312e-01,8.321758508682250977e-01,8.383959531784057617e-01,8.445757627487182617e-01,8.507131338119506836e-01,8.568067550659179688e-01,8.628551959991455078e-01,8.688570261001586914e-01,8.748108148574829102e-01,8.807154297828674316e-01,8.865694999694824219e-01,8.923720121383666992e-01,8.981221914291381836e-01,9.038189649581909180e-01,9.094614982604980469e-01,9.150491952896118164e-01,9.205809831619262695e-01,9.260565638542175293e-01,9.314749836921691895e-01
3.821547925472259521e-01,3.833278715610504150e-01,3.845759928226470947e-01,3.859007060527801514e-01,3.873036801815032959e-01,3.887868523597717285e-01,3.903515934944152832e-01,3.919996321201324463e-01,3.937323987483978271e-01,3.955514132976531982e-01,3.974578082561492920e-01,3.994528353214263916e-01,4.015378355979919434e-01,4.037137925624847412e-01,4.059818089008331299e-01,4.083423912525177002e-01,4.107964932918548584e-01,4.133448898792266846e-01,4.159879982471466064e-01,4.187262952327728271e-01,4.215604960918426514e-01,4.244906306266784668e-01,4.275168180465698242e-01,4.306394755840301514e-01,4.338586628437042236e-01,4.371745884418487549e-01,4.405872523784637451e-01,4.440967738628387451e-01,4.477029740810394287e-01,4.514062106609344482e-01,4.552064239978790283e-01,4.591037333011627197e-01,4.630981981754302979e-01,4.671901166439056396e-01,4.713794887065887451e-01,4.756666719913482666e-01,4.800520241260528564e-01,4.845358431339263916e-01,4.891184866428375244e-01,4.938001334667205811e-01,4.985815584659576416e-01,5.034627318382263184e-01,5.084443688392639160e-01,5.135264396667480469e-01,5.187097787857055664e-01,5.239940285682678223e-01,5.293798446655273438e-01,5.348669290542602539e-01,5.404551625251770020e-01,5.461442470550537109e-01,5.519336462020874023e-01,5.578226447105407715e-01,5.638106465339660645e-01,5.698958635330200195e-01,5.760773420333862305e-01,5.823530554771423340e-01,5.887209177017211914e-01,5.951788425445556641e-01,6.017239689826965332e-01,6.083532571792602539e-01,6.150636076927185059e-01,6.218513250350952148e-01,6.287127137184143066e-01,6.356433629989624023e-01,6.426391601562500000e-01,6.496951580047607422e-01,6.568067669868469238e-01,6.639688014984130859e-01,6.711763143539428711e-01,6.784236431121826172e-01,6.857056617736816406e-01,6.930168867111206055e-01,7.003518342971801758e-01,7.077049016952514648e-01,7.150707244873046875e-01,7.224441170692443848e-01,7.298194766044616699e-01,7.371917366981506348e-01,7.445560693740844727e-01,7.519074678421020508e-01,7.592411041259765625e-01,7.665527462959289551e-01,7.738379240036010742e-01,7.810928225517272949e-01,7.883132696151733398e-01,7.954954504966735840e-01,8.026365041732788086e-01,8.097325563430786133e-01,8.167811632156372070e-01,8.237791061401367188e-01,8.307238817214965820e-01,8.376129269599914551e-01,8.444441556930541992e-01,8.512153625488281250e-01,8.579245805740356445e-01,8.645701408386230469e-01,8.711500167846679688e-01,8.776630163192749023e-01,8.841074705123901367e-01,8.904824852943420410e-01,8.967859745025634766e-01
3.566057682037353516e-01,3.568023741245269775e-01,3.570484817028045654e-01,3.573462665081024170e-01,3.576975762844085693e-01,3.581049144268035889e-01,3.585703372955322266e-01,3.590962588787078857e-01,3.596847951412200928e-01,3.603383898735046387e-01,3.610598444938659668e-01,3.618511855602264404e-01,3.627150356769561768e-01,3.636542260646820068e-01,3.646713495254516602e-01,3.657690584659576416e-01,3.669498860836029053e-01,3.682168126106262207e-01,3.695724606513977051e-01,3.710192441940307617e-01,3.725602328777313232e-01,3.741980195045471191e-01,3.759351670742034912e-01,3.777741491794586182e-01,3.797175288200378418e-01,3.817680180072784424e-01,3.839274644851684570e-01,3.861984014511108398e-01,3.885827362537384033e-01,3.910826146602630615e-01,3.937000036239624023e-01,3.964361548423767090e-01,3.992931246757507324e-01,4.022716879844665527e-01,4.053735435009002686e-01,4.085997641086578369e-01,4.119509160518646240e-01,4.154279530048370361e-01,4.190317988395690918e-01,4.227624833583831787e-01,4.266206622123718262e-01,4.306065738201141357e-01,4.347204267978668213e-01,4.389624893665313721e-01,4.433328211307525635e-01,4.478316605091094971e-01,4.524588286876678467e-01,4.572145044803619385e-01,4.620988070964813232e-01,4.671118557453155518e-01,4.722535312175750732e-01,4.775241911411285400e-01,4.829238355159759521e-01,4.884524643421173096e-01,4.941103160381317139e-01,4.998972117900848389e-01,5.058129429817199707e-01,5.118575692176818848e-01,5.180303454399108887e-01,5.243309736251831055e-01,5.307586789131164551e-01,5.373120903968811035e-01,5.439897775650024414e-01,5.507902503013610840e-01,5.577110052108764648e-01,5.647498965263366699e-01,5.719034075736999512e-01,5.791685581207275391e-01,5.865408182144165039e-01,5.940160751342773438e-01,6.015892028808593750e-01,6.092551946640014648e-01,6.170076727867126465e-01,6.248408555984497070e-01,6.327476501464843750e-01,6.407214403152465820e-01,6.487546563148498535e-01,6.568400263786315918e-01,6.649698019027709961e-01,6.731361746788024902e-01,6.813312172889709473e-01,6.895471215248107910e-01,6.977761387825012207e-01,7.060103416442871094e-01,7.142422199249267578e-01,7.224645614624023438e-01,7.306704521179199219e-01,7.388525009155273438e-01,7.470047473907470703e-01,7.551206350326538086e-01,7.631942033767700195e-01,7.712203264236450195e-01,7.791936397552490234e-01,7.871091365814208984e-01,7.949622869491577148e-01,8.027490377426147461e-01,8.104655742645263672e-01,8.181082606315612793e-01,8.256733417510986328e-01,8.331581950187683105e-01,8.405597209930419922e-01
3.457457423210144043e-01,3.453696072101593018e-01,3.450184762477874756e-01,3.446934521198272705e-01,3.443956673145294189e-01,3.441267311573028564e-01,3.438877463340759277e-01,3.436801135540008545e-01,3.435052335262298584e-01,3.433645665645599365e-01,3.432596623897552490e-01,3.431919515132904053e-01,3.431631326675415039e-01,3.431752324104309082e-01,3.432295620441436768e-01,3.433281779289245605e-01,3.434729874134063721e-01,3.436660468578338623e-01,3.439092934131622314e-01,3.442050516605377197e-01,3.445555269718170166e-01,3.449629843235015869e-01,3.454301059246063232e-01,3.459593355655670166e-01,3.465532064437866211e-01,3.472146391868591309e-01,3.479466438293457031e-01,3.487518727779388428e-01,3.496336638927459717e-01,3.505951166152954102e-01,3.516394197940826416e-01,3.527704179286956787e-01,3.539910018444061279e-01,3.553050458431243896e-01,3.567162454128265381e-01,3.582283258438110352e-01,3.598450124263763428e-01,3.615699410438537598e-01,3.634072244167327881e-01,3.653606772422790527e-01,3.674340248107910156e-01,3.696310520172119141e-01,3.719557225704193115e-01,3.744113743305206299e-01,3.770017623901367188e-01,3.797305226325988770e-01,3.826006650924682617e-01,3.856153786182403564e-01,3.887774646282196045e-01,3.920898139476776123e-01,3.955549001693725586e-01,3.991749584674835205e-01,4.029519259929656982e-01,4.068873822689056396e-01,4.109832048416137695e-01,4.152403175830841064e-01,4.196598827838897705e-01,4.242423176765441895e-01,4.289884865283966064e-01,4.338984787464141846e-01,4.389725029468536377e-01,4.442105591297149658e-01,4.496121704578399658e-01,4.551773369312286377e-01,4.609052836894989014e-01,4.667951762676239014e-01,4.728465378284454346e-01,4.790581762790679932e-01,4.854291379451751709e-01,4.919580519199371338e-01,4.986431300640106201e-01,5.054825544357299805e-01,5.124741792678833008e-01,5.196155905723571777e-01,5.269033908843994141e-01,5.343345403671264648e-01,5.419048666954040527e-01,5.496097803115844727e-01,5.574441552162170410e-01,5.654024481773376465e-01,5.734779238700866699e-01,5.816636085510253906e-01,5.899518132209777832e-01,5.983344912528991699e-01,6.068025827407836914e-01,6.153465509414672852e-01,6.239567995071411133e-01,6.326227188110351562e-01,6.413342952728271484e-01,6.500804424285888672e-01,6.588504314422607422e-01,6.676336526870727539e-01,6.764189600944519043e-01,6.851959228515625000e-01,6.939542889595031738e-01,7.026838064193725586e-01,7.113748788833618164e-01,7.200187444686889648e-01,7.286058664321899414e-01,7.371281385421752930e-01,7.455782890319824219e-01
3.384612202644348145e-01,3.379178643226623535e-01,3.373868763446807861e-01,3.368686735630035400e-01,3.363641798496246338e-01,3.358740508556365967e-01,3.353990316390991211e-01,3.349398672580718994e-01,3.344972729682922363e-01,3.340722024440765381e-01,3.336651921272277832e-01,3.332771360874176025e-01,3.329090178012847900e-01,3.325614631175994873e-01,3.322354257106781006e-01,3.319318294525146484e-01,3.316514790058135986e-01,3.313952982425689697e-01,3.311643898487091064e-01,3.309595882892608643e-01,3.307819366455078125e-01,3.306324183940887451e-01,3.305120468139648438e-01,3.304219841957092285e-01,3.303636908531188965e-01,3.303377926349639893e-01,3.303459882736206055e-01,3.303893506526947021e-01,3.304693400859832764e-01,3.305871784687042236e-01,3.307446539402008057e-01,3.309430480003356934e-01,3.311841487884521484e-01,3.314695060253143311e-01,3.318011164665222168e-01,3.321808278560638428e-01,3.326106369495391846e-01,3.330925703048706055e-01,3.336289227008819580e-01,3.342221081256866455e-01,3.348744213581085205e-01,3.355886638164520264e-01,3.363674581050872803e-01,3.372137844562530518e-01,3.381304740905761719e-01,3.391210138797760010e-01,3.401883840560913086e-01,3.413363993167877197e-01,3.425683677196502686e-01,3.438884913921356201e-01,3.453003466129302979e-01,3.468082249164581299e-01,3.484161794185638428e-01,3.501285016536712646e-01,3.519499599933624268e-01,3.538848459720611572e-01,3.559376299381256104e-01,3.581134080886840820e-01,3.604162633419036865e-01,3.628514707088470459e-01,3.654232323169708252e-01,3.681363761425018311e-01,3.709951639175415039e-01,3.740039765834808350e-01,3.771669566631317139e-01,3.804877698421478271e-01,3.839701712131500244e-01,3.876175582408905029e-01,3.914326429367065430e-01,3.954179584980010986e-01,3.995756208896636963e-01,4.039072692394256592e-01,4.084141552448272705e-01,4.130966961383819580e-01,4.179552495479583740e-01,4.229892492294311523e-01,4.281979799270629883e-01,4.335800111293792725e-01,4.391333162784576416e-01,4.448556005954742432e-01,4.507438242435455322e-01,4.567948877811431885e-01,4.630046188831329346e-01,4.693690836429595947e-01,4.758835136890411377e-01,4.825427234172821045e-01,4.893414080142974854e-01,4.962731897830963135e-01,5.033318996429443359e-01,5.105103254318237305e-01,5.178016424179077148e-01,5.251975059509277344e-01,5.326892137527465820e-01,5.402683019638061523e-01,5.479249954223632812e-01,5.556492805480957031e-01,5.634303689002990723e-01,5.712575912475585938e-01,5.791189670562744141e-01,5.870028734207153320e-01,5.948967933654785156e-01
3.208278715610504150e-01,3.201528191566467285e-01,3.194876909255981445e-01,3.188329637050628662e-01,3.181892037391662598e-01,3.175569474697113037e-01,3.169367015361785889e-01,3.163291811943054199e-01,3.157348930835723877e-01,3.151543438434600830e-01,3.145880997180938721e-01,3.140366077423095703e-01,3.135006129741668701e-01,3.129802942276000977e-01,3.124764859676361084e-01,3.119894862174987793e-01,3.115200996398925781e-01,3.110683858394622803e-01,3.106348812580108643e-01,3.102203309535980225e-01,3.098250329494476318e-01,3.094493448734283447e-01,3.090938329696655273e-01,3.087588250637054443e-01,3.084444701671600342e-01,3.081514537334442139e-01,3.078801631927490234e-01,3.076308667659759521e-01,3.074037134647369385e-01,3.071991503238677979e-01,3.070177733898162842e-01,3.068594932556152344e-01,3.067248165607452393e-01,3.066138029098510742e-01,3.065270185470581055e-01,3.064646422863006592e-01,3.064267933368682861e-01,3.064140677452087402e-01,3.064263761043548584e-01,3.064643144607543945e-01,3.065278232097625732e-01,3.066175282001495361e-01,3.067333996295928955e-01,3.068759143352508545e-01,3.070457279682159424e-01,3.072426319122314453e-01,3.074671924114227295e-01,3.077200353145599365e-01,3.080014288425445557e-01,3.083117604255676270e-01,3.086517155170440674e-01,3.090218305587768555e-01,3.094225823879241943e-01,3.098547756671905518e-01,3.103190958499908447e-01,3.108162581920623779e-01,3.113471865653991699e-01,3.119127750396728516e-01,3.125139772891998291e-01,3.131518065929412842e-01,3.138276040554046631e-01,3.145422637462615967e-01,3.152973651885986328e-01,3.160942196846008301e-01,3.169340193271636963e-01,3.178187906742095947e-01,3.187495768070220947e-01,3.197283744812011719e-01,3.207570910453796387e-01,3.218371570110321045e-01,3.229705989360809326e-01,3.241593539714813232e-01,3.254049718379974365e-01,3.267098963260650635e-01,3.280754387378692627e-01,3.295040428638458252e-01,3.309971392154693604e-01,3.325565755367279053e-01,3.341839909553527832e-01,3.358808457851409912e-01,3.376484811305999756e-01,3.394882380962371826e-01,3.414004445075988770e-01,3.433864414691925049e-01,3.454461097717285156e-01,3.475798964500427246e-01,3.497873246669769287e-01,3.520678281784057617e-01,3.544204533100128174e-01,3.568437397480010986e-01,3.593359291553497314e-01,3.618949055671691895e-01,3.645181357860565186e-01,3.672025799751281738e-01,3.699450492858886719e-01,3.727418482303619385e-01,3.755891621112823486e-01,3.784825205802917480e-01,3.814176619052886963e-01,3.843897879123687744e-01,3.873939216136932373e-01
3.042669892311096191e-01,3.032389283180236816e-01,3.022105395793914795e-01,3.011821806430816650e-01,3.001538813114166260e-01,2.991260886192321777e-01,2.980988323688507080e-01,2.970724999904632568e-01,2.960471808910369873e-01,2.950229048728942871e-01,2.940001785755157471e-01,2.929788827896118164e-01,2.919591665267944336e-01,2.909411787986755371e-01,2.899250090122222900e-01,2.889107167720794678e-01,2.878984510898590088e-01,2.868880033493041992e-01,2.858796417713165283e-01,2.848730981349945068e-01,2.838684916496276855e-01,2.828654944896697998e-01,2.818641960620880127e-01,2.808643877506256104e-01,2.798658907413482666e-01,2.788682579994201660e-01,2.778713405132293701e-01,2.768748700618743896e-01,2.758783102035522461e-01,2.748812735080718994e-01,2.738834917545318604e-01,2.728841304779052734e-01,2.718827426433563232e-01,2.708785831928253174e-01,2.698712050914764404e-01,2.688595652580261230e-01,2.678430974483489990e-01,2.668205201625823975e-01,2.657912671566009521e-01,2.647541165351867676e-01,2.637080848217010498e-01,2.626520693302154541e-01,2.615845799446105957e-01,2.605044841766357422e-01,2.594104707241058350e-01,2.583010494709014893e-01,2.571747601032257080e-01,2.560301125049591064e-01,2.548652589321136475e-01,2.536786496639251709e-01,2.524683177471160889e-01,2.512328326702117920e-01,2.499700188636779785e-01,2.486780285835266113e-01,2.473549544811248779e-01,2.459987998008728027e-01,2.446074187755584717e-01,2.431788146495819092e-01,2.417109310626983643e-01,2.402017712593078613e-01,2.386489808559417725e-01,2.370507121086120605e-01,2.354048788547515869e-01,2.337092459201812744e-01,2.319622635841369629e-01,2.301618158817291260e-01,2.283059656620025635e-01,2.263932824134826660e-01,2.244217693805694580e-01,2.223902344703674316e-01,2.202971875667572021e-01,2.181412279605865479e-01,2.159217894077301025e-01,2.136375606060028076e-01,2.112878859043121338e-01,2.088724970817565918e-01,2.063910663127899170e-01,2.038433551788330078e-01,2.012296319007873535e-01,1.985504329204559326e-01,1.958061754703521729e-01,1.929976940155029297e-01,1.901265680789947510e-01,1.871933937072753906e-01,1.842002570629119873e-01,1.811487376689910889e-01,1.780408024787902832e-01,1.748788654804229736e-01,1.716649830341339111e-01,1.684019416570663452e-01,1.650925278663635254e-01,1.617394089698791504e-01,1.583458185195922852e-01,1.549149453639984131e-01,1.514500081539154053e-01,1.479544043540954590e-01,1.444320976734161377e-01,1.408860981464385986e-01,1.373206675052642822e-01,1.337396800518035889e-01,1.301470696926116943e-01
2.879615426063537598e-01,2.863903045654296875e-01,2.847980260848999023e-01,2.831837534904479980e-01,2.815473377704620361e-01,2.798881530761718750e-01,2.782056331634521484e-01,2.764993309974670410e-01,2.747685313224792480e-01,2.730126976966857910e-01,2.712312638759613037e-01,2.694236338138580322e-01,2.675891518592834473e-01,2.657271623611450195e-01,2.638367414474487305e-01,2.619177103042602539e-01,2.599689960479736328e-01,2.579900026321411133e-01,2.559799849987030029e-01,2.539383471012115479e-01,2.518643140792846680e-01,2.497572004795074463e-01,2.476161420345306396e-01,2.454405426979064941e-01,2.432297468185424805e-01,2.409830391407012939e-01,2.386997044086456299e-01,2.363788783550262451e-01,2.340205013751983643e-01,2.316233217716217041e-01,2.291871905326843262e-01,2.267113626003265381e-01,2.241955399513244629e-01,2.216388881206512451e-01,2.190416455268859863e-01,2.164027988910675049e-01,2.137221693992614746e-01,2.109998166561126709e-01,2.082354426383972168e-01,2.054289281368255615e-01,2.025799453258514404e-01,1.996890008449554443e-01,1.967556178569793701e-01,1.937803328037261963e-01,1.907630860805511475e-01,1.877040863037109375e-01,1.846038401126861572e-01,1.814625412225723267e-01,1.782805025577545166e-01,1.750581264495849609e-01,1.717958450317382812e-01,1.684940159320831299e-01,1.651527881622314453e-01,1.617731153964996338e-01,1.583548188209533691e-01,1.548982411623001099e-01,1.514038145542144775e-01,1.478714644908905029e-01,1.443014442920684814e-01,1.406936496496200562e-01,1.370479017496109009e-01,1.333639323711395264e-01,1.296412646770477295e-01,1.258794665336608887e-01,1.220776438713073730e-01,1.182350069284439087e-01,1.143506318330764771e-01,1.104229539632797241e-01,1.064507812261581421e-01,1.024325788021087646e-01,9.836658835411071777e-02,9.425076842308044434e-02,9.008316695690155029e-02,8.586168289184570312e-02,8.158390223979949951e-02,7.724742591381072998e-02,7.284954190254211426e-02,6.838785111904144287e-02,6.385961174964904785e-02,5.926228687167167664e-02,5.459290370345115662e-02,4.984909668564796448e-02,4.502826556563377380e-02,4.012772068381309509e-02,3.514519706368446350e-02,3.007854893803596497e-02,2.492578700184822083e-02,1.968508586287498474e-02,1.435492560267448425e-02,8.934181183576583862e-03,3.421913832426071167e-03,0.000000000000000000e+00,0.000000000000000000e+00,0.000000000000000000e+00,0.000000000000000000e+00,0.000000000000000000e+00,0.000000000000000000e+00,0.000000000000000000e+00,0.000000000000000000e+00,0.000000000000000000e+00,0.000000000000000000e+00
2.559838891029357910e-01,2.536822557449340820e-01,2.513479590415954590e-01,2.489806413650512695e-01,2.465808689594268799e-01,2.441484630107879639e-01,2.416836321353912354e-01,2.391863763332366943e-01,2.366571724414825439e-01,2.340960204601287842e-01,2.315035164356231689e-01,2.288796603679656982e-01,2.262253463268280029e-01,2.235406041145324707e-01,2.208262383937835693e-01,2.180825769901275635e-01,2.153104543685913086e-01,2.125101685523986816e-01,2.096826732158660889e-01,2.068285942077636719e-01,2.039485871791839600e-01,2.010433077812194824e-01,1.981136202812194824e-01,1.951603889465332031e-01,1.921841502189636230e-01,1.891857385635375977e-01,1.861659884452819824e-01,1.831256300210952759e-01,1.800651103258132935e-01,1.769854426383972168e-01,1.738870143890380859e-01,1.707704067230224609e-01,1.676361262798309326e-01,1.644847095012664795e-01,1.613166630268096924e-01,1.581320166587829590e-01,1.549311131238937378e-01,1.517140716314315796e-01,1.484807431697845459e-01,1.452312469482421875e-01,1.419653892517089844e-01,1.386828273534774780e-01,1.353828310966491699e-01,1.320652067661285400e-01,1.287290602922439575e-01,1.253738254308700562e-01,1.219982504844665527e-01,1.186014115810394287e-01,1.151821464300155640e-01,1.117390096187591553e-01,1.082708537578582764e-01,1.047757267951965332e-01,1.012519896030426025e-01,9.769791364669799805e-02,9.411156177520751953e-02,9.049093723297119141e-02,8.683377504348754883e-02,8.313781023025512695e-02,7.940068840980529785e-02,7.562017440795898438e-02,7.179364562034606934e-02,6.791834533214569092e-02,6.399205327033996582e-02,6.001179292798042297e-02,5.597494170069694519e-02,5.187879130244255066e-02,4.772060737013816833e-02,4.349760338664054871e-02,3.920712694525718689e-02,3.484651073813438416e-02,3.041302040219306946e-02,2.590394392609596252e-02,2.131690457463264465e-02,1.664945110678672791e-02,1.189906522631645203e-02,7.063802331686019897e-03,2.141412347555160522e-03,0.000000000000000000e+00,0.000000000000000000e+00,0.000000000000000000e+00,0.000000000000000000e+00,0.000000000000000000e+00,0.000000000000000000e+00,0.000000000000000000e+00,0.000000000000000000e+00,0.000000000000000000e+00,0.000000000000000000e+00,0.000000000000000000e+00,0.000000000000000000e+00,0.000000000000000000e+00,0.000000000000000000e+00,0.000000000000000000e+00,0.000000000000000000e+00,0.000000000000000000e+00,0.000000000000000000e+00,0.000000000000000000e+00,0.000000000000000000e+00,0.000000000000000000e+00,0.000000000000000000e+00,0.000000000000000000e+00,0.000000000000000000e+00
2.224826216697692871e-01,2.200222313404083252e-01,2.175455391407012939e-01,2.150528430938720703e-01,2.125446498394012451e-01,2.100213766098022461e-01,2.074836790561676025e-01,2.049318850040435791e-01,2.023664414882659912e-01,1.997877061367034912e-01,1.971960961818695068e-01,1.945920288562774658e-01,1.919756233692169189e-01,1.893472969532012939e-01,1.867073029279708862e-01,1.840557754039764404e-01,1.813929378986358643e-01,1.787187755107879639e-01,1.760334968566894531e-01,1.733368337154388428e-01,1.706288158893585205e-01,1.679095476865768433e-01,1.651787012815475464e-01,1.624360382556915283e-01,1.596810519695281982e-01,1.569137126207351685e-01,1.541333496570587158e-01,1.513396799564361572e-01,1.485319435596466064e-01,1.457095891237258911e-01,1.428718864917755127e-01,1.400181055068969727e-01,1.371473670005798340e-01,1.342588067054748535e-01,1.313515156507492065e-01,1.284243911504745483e-01,1.254764199256896973e-01,1.225063204765319824e-01,1.195130348205566406e-01,1.164952218532562256e-01,1.134515106678009033e-01,1.103805899620056152e-01,1.072810590267181396e-01,1.041516065597534180e-01,1.009902954101562500e-01,9.779593348503112793e-02,9.456664323806762695e-02,9.130096435546875000e-02,8.799716830253601074e-02,8.465357124805450439e-02,8.126848936080932617e-02,7.784014940261840820e-02,7.436661422252655029e-02,7.084625959396362305e-02,6.727738678455352783e-02,6.365807354450225830e-02,5.998651310801506042e-02,5.626103654503822327e-02,5.247962102293968201e-02,4.864088818430900574e-02,4.474267736077308655e-02,4.078365489840507507e-02,3.676193580031394958e-02,3.267597034573554993e-02,2.852432057261466980e-02,2.430522814393043518e-02,2.001708373427391052e-02,1.565888151526451111e-02,1.122898980975151062e-02,6.726291030645370483e-03,2.149637788534164429e-03,0.000000000000000000e+00,0.000000000000000000e+00,0.000000000000000000e+00,0.000000000000000000e+00,0.000000000000000000e+00,0.000000000000000000e+00,0.000000000000000000e+00,0.000000000000000000e+00,0.000000000000000000e+00,0.000000000000000000e+00,0.000000000000000000e+00,0.000000000000000000e+00,0.000000000000000000e+00,0.000000000000000000e+00,0.000000000000000000e+00,0.000000000000000000e+00,0.000000000000000000e+00,0.000000000000000000e+00,0.000000000000000000e+00,0.000000000000000000e+00,0.000000000000000000e+00,0.000000000000000000e+00,0.000000000000000000e+00,0.000000000000000000e+00,0.000000000000000000e+00,0.000000000000000000e+00,0.000000000000000000e+00,0.000000000000000000e+00,0.000000000000000000e+00,0.000000000000000000e+00
2.020799219608306885e-01,1.998464763164520264e-01,1.976050138473510742e-01,1.953551471233367920e-01,1.930972635746002197e-01,1.908309757709503174e-01,1.885562837123870850e-01,1.862729191780090332e-01,1.839808821678161621e-01,1.816797405481338501e-01,1.793695241212844849e-01,1.770496815443038940e-01,1.747198700904846191e-01,1.723800301551818848e-01,1.700294166803359985e-01,1.676676571369171143e-01,1.652943193912506104e-01,1.629089415073394775e-01,1.605107933282852173e-01,1.580994427204132080e-01,1.556741744279861450e-01,1.532342731952667236e-01,1.507791280746459961e-01,1.483080387115478516e-01,1.458200216293334961e-01,1.433143913745880127e-01,1.407902985811233521e-01,1.382469981908798218e-01,1.356834173202514648e-01,1.330986171960830688e-01,1.304916590452194214e-01,1.278615891933441162e-01,1.252074241638183594e-01,1.225278675556182861e-01,1.198222190141677856e-01,1.170891225337982178e-01,1.143274903297424316e-01,1.115363538265228271e-01,1.087143123149871826e-01,1.058604270219802856e-01,1.029733121395111084e-01,1.000520288944244385e-01,9.709508717060089111e-02,9.410147368907928467e-02,9.106984734535217285e-02,8.799907565116882324e-02,8.488778769969940186e-02,8.173485100269317627e-02,7.853922247886657715e-02,7.529935240745544434e-02,7.201412320137023926e-02,6.868235766887664795e-02,6.530296802520751953e-02,6.187463179230690002e-02,5.839608237147331238e-02,5.486653372645378113e-02,5.128448083996772766e-02,4.764902219176292419e-02,4.395920410752296448e-02,4.021364822983741760e-02,3.641177341341972351e-02,3.255226835608482361e-02,2.863427624106407166e-02,2.465707436203956604e-02,2.061970159411430359e-02,1.652133837342262268e-02,1.236134395003318787e-02,8.138861507177352905e-03,3.853496164083480835e-03,0.000000000000000000e+00,0.000000000000000000e+00,0.000000000000000000e+00,0.000000000000000000e+00,0.000000000000000000e+00,0.000000000000000000e+00,0.000000000000000000e+00,0.000000000000000000e+00,0.000000000000000000e+00,0.000000000000000000e+00,0.000000000000000000e+00,0.000000000000000000e+00,0.000000000000000000e+00,0.000000000000000000e+00,0.000000000000000000e+00,0.000000000000000000e+00,0.000000000000000000e+00,0.000000000000000000e+00,0.000000000000000000e+00,0.000000000000000000e+00,0.000000000000000000e+00,0.000000000000000000e+00,0.000000000000000000e+00,0.000000000000000000e+00,0.000000000000000000e+00,0.000000000000000000e+00,0.000000000000000000e+00,0.000000000000000000e+00,0.000000000000000000e+00,0.000000000000000000e+00,0.000000000000000000e+00,0.000000000000000000e+00
1.916632950305938721e-01,1.896426975727081299e-01,1.876142919063568115e-01,1.855775415897369385e-01,1.835322976112365723e-01,1.814782321453094482e-01,1.794149279594421387e-01,1.773419529199600220e-01,1.752591133117675781e-01,1.731656044721603394e-01,1.710612475872039795e-01,1.689454317092895508e-01,1.668177247047424316e-01,1.646776646375656128e-01,1.625245958566665649e-01,1.603578627109527588e-01,1.581770330667495728e-01,1.559813916683197021e-01,1.537704020738601685e-01,1.515432447195053101e-01,1.492993235588073730e-01,1.470379382371902466e-01,1.447585225105285645e-01,1.424601972103118896e-01,1.401422023773193359e-01,1.378038525581359863e-01,1.354443430900573730e-01,1.330629140138626099e-01,1.306586414575576782e-01,1.282308399677276611e-01,1.257785260677337646e-01,1.233011186122894287e-01,1.207975596189498901e-01,1.182669848203659058e-01,1.157085895538330078e-01,1.131215393543243408e-01,1.105047762393951416e-01,1.078576743602752686e-01,1.051791310310363770e-01,1.024682670831680298e-01,9.972423315048217773e-02,9.694615006446838379e-02,9.413315355777740479e-02,9.128423035144805908e-02,8.839859068393707275e-02,8.547532558441162109e-02,8.251351118087768555e-02,7.951229810714721680e-02,7.647079229354858398e-02,7.338814437389373779e-02,7.026372849941253662e-02,6.709629297256469727e-02,6.388525664806365967e-02,6.062996014952659607e-02,5.732935294508934021e-02,5.398273095488548279e-02,5.058951303362846375e-02,4.714886471629142761e-02,4.365995153784751892e-02,4.012254253029823303e-02,3.653539344668388367e-02,3.289827331900596619e-02,2.921053394675254822e-02,2.547157928347587585e-02,2.168076857924461365e-02,1.783783361315727234e-02,1.394219323992729187e-02,9.993474930524826050e-03,5.991231650114059448e-03,1.935090869665145874e-03,0.000000000000000000e+00,0.000000000000000000e+00,0.000000000000000000e+00,0.000000000000000000e+00,0.000000000000000000e+00,0.000000000000000000e+00,0.000000000000000000e+00,0.000000000000000000e+00,0.000000000000000000e+00,0.000000000000000000e+00,0.000000000000000000e+00,0.000000000000000000e+00,0.000000000000000000e+00,0.000000000000000000e+00,0.000000000000000000e+00,0.000000000000000000e+00,0.000000000000000000e+00,0.000000000000000000e+00,0.000000000000000000e+00,0.000000000000000000e+00,0.000000000000000000e+00,0.000000000000000000e+00,0.000000000000000000e+00,0.000000000000000000e+00,0.000000000000000000e+00,0.000000000000000000e+00,0.000000000000000000e+00,0.000000000000000000e+00,0.000000000000000000e+00,0.000000000000000000e+00,0.000000000000000000e+00
1.859065890312194824e-01,1.840217113494873047e-01,1.821281164884567261e-01,1.802252531051635742e-01,1.783127486705780029e-01,1.763900220394134521e-01,1.744571626186370850e-01,1.725133955478668213e-01,1.705584526062011719e-01,1.685918271541595459e-01,1.666130423545837402e-01,1.646216660737991333e-01,1.626171618700027466e-01,1.605991870164871216e-01,1.585669666528701782e-01,1.565202176570892334e-01,1.544583886861801147e-01,1.523807942867279053e-01,1.502868831157684326e-01,1.481761336326599121e-01,1.460480839014053345e-01,1.439019441604614258e-01,1.417371481657028198e-01,1.395533084869384766e-01,1.373495310544967651e-01,1.351253688335418701e-01,1.328800618648529053e-01,1.306131184101104736e-01,1.283236443996429443e-01,1.260111778974533081e-01,1.236751079559326172e-01,1.213145852088928223e-01,1.189290881156921387e-01,1.165179163217544556e-01,1.140802949666976929e-01,1.116158217191696167e-01,1.091234534978866577e-01,1.066026687622070312e-01,1.040528416633605957e-01,1.014734655618667603e-01,9.886340796947479248e-02,9.622232615947723389e-02,9.354943037033081055e-02,9.084428846836090088e-02,8.810591697692871094e-02,8.533379435539245605e-02,8.252713084220886230e-02,7.968582212924957275e-02,7.680837810039520264e-02,7.389497756958007812e-02,7.094454765319824219e-02,6.795664131641387939e-02,6.493052840232849121e-02,6.186591461300849915e-02,5.876197293400764465e-02,5.561819300055503845e-02,5.243416503071784973e-02,4.920925572514533997e-02,4.594304785132408142e-02,4.263494536280632019e-02,3.928462788462638855e-02,3.589154407382011414e-02,3.245532140135765076e-02,2.897553518414497375e-02,2.545175328850746155e-02,2.188367024064064026e-02,1.827111467719078064e-02,1.461350545287132263e-02,1.091077551245689392e-02,7.162522524595260620e-03,3.368522971868515015e-03,0.000000000000000000e+00,0.000000000000000000e+00,0.000000000000000000e+00,0.000000000000000000e+00,0.000000000000000000e+00,0.000000000000000000e+00,0.000000000000000000e+00,0.000000000000000000e+00,0.000000000000000000e+00,0.000000000000000000e+00,0.000000000000000000e+00,0.000000000000000000e+00,0.000000000000000000e+00,0.000000000000000000e+00,0.000000000000000000e+00,0.000000000000000000e+00,0.000000000000000000e+00,0.000000000000000000e+00,0.000000000000000000e+00,0.000000000000000000e+00,0.000000000000000000e+00,0.000000000000000000e+00,0.000000000000000000e+00,0.000000000000000000e+00,0.000000000000000000e+00,0.000000000000000000e+00,0.000000000000000000e+00,0.000000000000000000e+00,0.000000000000000000e+00,0.000000000000000000e+00
1.817084252834320068e-01,1.799043416976928711e-01,1.780906915664672852e-01,1.762670576572418213e-01,1.744333505630493164e-01,1.725889444351196289e-01,1.707336306571960449e-01,1.688670516014099121e-01,1.669887900352478027e-01,1.650984287261962891e-01,1.631956100463867188e-01,1.612798571586608887e-01,1.593508124351501465e-01,1.574080884456634521e-01,1.554510891437530518e-01,1.534796059131622314e-01,1.514929831027984619e-01,1.494909524917602539e-01,1.474727541208267212e-01,1.454382240772247314e-01,1.433867216110229492e-01,1.413177549839019775e-01,1.392310559749603271e-01,1.371258497238159180e-01,1.350017488002777100e-01,1.328583061695098877e-01,1.306949257850646973e-01,1.285111308097839355e-01,1.263063400983810425e-01,1.240801960229873657e-01,1.218321323394775391e-01,1.195614933967590332e-01,1.172679513692855835e-01,1.149508357048034668e-01,1.126096993684768677e-01,1.102439910173416138e-01,1.078531444072723389e-01,1.054366827011108398e-01,1.029941588640213013e-01,1.005248725414276123e-01,9.802854061126708984e-02,9.550446271896362305e-02,9.295220673084259033e-02,9.037128090858459473e-02,8.776113390922546387e-02,8.512116968631744385e-02,8.245113492012023926e-02,7.975044846534729004e-02,7.701869308948516846e-02,7.425521314144134521e-02,7.145971059799194336e-02,6.863166391849517822e-02,6.577052175998687744e-02,6.287615001201629639e-02,5.994794145226478577e-02,5.698541179299354553e-02,5.398833379149436951e-02,5.095617845654487610e-02,4.788860306143760681e-02,4.478527233004570007e-02,4.164589568972587585e-02,3.847004100680351257e-02,3.525723889470100403e-02,3.200751915574073792e-02,2.872046455740928650e-02,2.539571002125740051e-02,2.203312143683433533e-02,1.863236352801322937e-02,1.519329473376274109e-02,1.171567663550376892e-02,8.199255913496017456e-03,4.644062370061874390e-03,1.049708575010299683e-03,0.000000000000000000e+00,0.000000000000000000e+00,0.000000000000000000e+00,0.000000000000000000e+00,0.000000000000000000e+00,0.000000000000000000e+00,0.000000000000000000e+00,0.000000000000000000e+00,0.000000000000000000e+00,0.000000000000000000e+00,0.000000000000000000e+00,0.000000000000000000e+00,0.000000000000000000e+00,0.000000000000000000e+00,0.000000000000000000e+00,0.000000000000000000e+00,0.000000000000000000e+00,0.000000000000000000e+00,0.000000000000000000e+00,0.000000000000000000e+00,0.000000000000000000e+00,0.000000000000000000e+00,0.000000000000000000e+00,0.000000000000000000e+00,0.000000000000000000e+00,0.000000000000000000e+00,0.000000000000000000e+00,0.000000000000000000e+00
1.774371862411499023e-01,1.756790876388549805e-01,1.739110350608825684e-01,1.721330881118774414e-01,1.703445464372634888e-01,1.685453802347183228e-01,1.667351126670837402e-01,1.649134755134582520e-01,1.630801707506179810e-01,1.612347960472106934e-01,1.593771576881408691e-01,1.575066447257995605e-01,1.556231975555419922e-01,1.537262946367263794e-01,1.518156230449676514e-01,1.498907506465911865e-01,1.479514241218566895e-01,1.459971070289611816e-01,1.440275907516479492e-01,1.420425325632095337e-01,1.400411128997802734e-01,1.380234658718109131e-01,1.359889805316925049e-01,1.339371353387832642e-01,1.318677365779876709e-01,1.297803521156311035e-01,1.276744008064270020e-01,1.255496442317962646e-01,1.234056800603866577e-01,1.212421059608459473e-01,1.190581917762756348e-01,1.168539673089981079e-01,1.146287024021148682e-01,1.123822480440139771e-01,1.101141124963760376e-01,1.078238338232040405e-01,1.055108904838562012e-01,1.031750738620758057e-01,1.008159518241882324e-01,9.843295812606811523e-02,9.602586925029754639e-02,9.359428286552429199e-02,9.113760292530059814e-02,8.865579962730407715e-02,8.614817261695861816e-02,8.361437916755676270e-02,8.105421066284179688e-02,7.846719026565551758e-02,7.585285604000091553e-02,7.321107387542724609e-02,7.054123282432556152e-02,6.784337759017944336e-02,6.511661410331726074e-02,6.236101314425468445e-02,5.957616493105888367e-02,5.676182731986045837e-02,5.391752347350120544e-02,5.104314908385276794e-02,4.813816025853157043e-02,4.520259425044059753e-02,4.223595187067985535e-02,3.923788294196128845e-02,3.620862588286399841e-02,3.314753994345664978e-02,3.005443140864372253e-02,2.692906185984611511e-02,2.377152070403099060e-02,2.058130875229835510e-02,1.735850796103477478e-02,1.410286501049995422e-02,1.081404462456703186e-02,7.492233067750930786e-03,4.137065261602401733e-03,7.486604154109954834e-04,0.000000000000000000e+00,0.000000000000000000e+00,0.000000000000000000e+00,0.000000000000000000e+00,0.000000000000000000e+00,0.000000000000000000e+00,0.000000000000000000e+00,0.000000000000000000e+00,0.000000000000000000e+00,0.000000000000000000e+00,0.000000000000000000e+00,0.000000000000000000e+00,0.000000000000000000e+00,0.000000000000000000e+00,0.000000000000000000e+00,0.000000000000000000e+00,0.000000000000000000e+00,0.000000000000000000e+00,0.000000000000000000e+00,0.000000000000000000e+00,0.000000000000000000e+00,0.000000000000000000e+00,0.000000000000000000e+00,0.000000000000000000e+00,0.000000000000000000e+00,0.000000000000000000e+00,0.000000000000000000e+00
1.722189784049987793e-01,1.704846918582916260e-01,1.687403768301010132e-01,1.669860184192657471e-01,1.652212738990783691e-01,1.634457707405090332e-01,1.616593748331069946e-01,1.598618328571319580e-01,1.580527275800704956e-01,1.562319099903106689e-01,1.543989181518554688e-01,1.525536775588989258e-01,1.506957262754440308e-01,1.488249897956848145e-01,1.469409167766571045e-01,1.450432837009429932e-01,1.431317776441574097e-01,1.412061750888824463e-01,1.392659544944763184e-01,1.373111009597778320e-01,1.353411525487899780e-01,1.333557367324829102e-01,1.313545703887939453e-01,1.293373256921768188e-01,1.273036897182464600e-01,1.252534389495849609e-01,1.231861412525177002e-01,1.211014240980148315e-01,1.189990341663360596e-01,1.168785691261291504e-01,1.147399246692657471e-01,1.125824600458145142e-01,1.104060113430023193e-01,1.082103848457336426e-01,1.059950143098831177e-01,1.037597209215164185e-01,1.015041023492813110e-01,9.922800958156585693e-02,9.693089127540588379e-02,9.461268782615661621e-02,9.227278828620910645e-02,8.991114795207977295e-02,8.752727508544921875e-02,8.512109518051147461e-02,8.269205689430236816e-02,8.024005591869354248e-02,7.776461541652679443e-02,7.526567578315734863e-02,7.274281978607177734e-02,7.019570469856262207e-02,6.762427091598510742e-02,6.502817571163177490e-02,6.240701302886009216e-02,5.976068601012229919e-02,5.708881840109825134e-02,5.439146980643272400e-02,5.166798457503318787e-02,4.891853407025337219e-02,4.614250734448432922e-02,4.334018006920814514e-02,4.051092639565467834e-02,3.765470907092094421e-02,3.477142378687858582e-02,3.186076506972312927e-02,2.892271801829338074e-02,2.595691755414009094e-02,2.296349033713340759e-02,1.994201913475990295e-02,1.689263805747032166e-02,1.381510868668556213e-02,1.070914790034294128e-02,7.574994117021560669e-03,4.412394016981124878e-03,1.221250742673873901e-03,0.000000000000000000e+00,0.000000000000000000e+00,0.000000000000000000e+00,0.000000000000000000e+00,0.000000000000000000e+00,0.000000000000000000e+00,0.000000000000000000e+00,0.000000000000000000e+00,0.000000000000000000e+00,0.000000000000000000e+00,0.000000000000000000e+00,0.000000000000000000e+00,0.000000000000000000e+00,0.000000000000000000e+00,0.000000000000000000e+00,0.000000000000000000e+00,0.000000000000000000e+00,0.000000000000000000e+00,0.000000000000000000e+00,0.000000000000000000e+00,0.000000000000000000e+00,0.000000000000000000e+00,0.000000000000000000e+00,0.000000000000000000e+00,0.000000000000000000e+00,0.000000000000000000e+00,0.000000000000000000e+00
