4.451550245285034180e-01,4.367302656173706055e-01,4.291116297245025635e-01,4.217748641967773438e-01,4.135487675666809082e-01,4.025360941886901855e-01,3.866170644760131836e-01,3.648101091384887695e-01,3.384208977222442627e-01,3.104375004768371582e-01,2.840837836265563965e-01,2.615565061569213867e-01,2.423701733350753784e-01,2.224818915128707886e-01,1.952479928731918335e-01,1.541664898395538330e-01,9.806632995605468750e-02,3.367030993103981018e-02,0.000000000000000000e+00,0.000000000000000000e+00,0.000000000000000000e+00
4.463809132575988770e-01,4.370217323303222656e-01,4.285495877265930176e-01,4.205608069896697998e-01,4.120195508003234863e-01,4.011124372482299805e-01,3.855280578136444092e-01,3.637195825576782227e-01,3.366132676601409912e-01,3.074340820312500000e-01,2.796902656555175781e-01,2.553567588329315186e-01,2.333212941884994507e-01,2.087290138006210327e-01,1.741071194410324097e-01,1.233474910259246826e-01,5.819982662796974182e-02,0.000000000000000000e+00,0.000000000000000000e+00,0.000000000000000000e+00,0.000000000000000000e+00
4.486191272735595703e-01,4.383566379547119141e-01,4.289397001266479492e-01,4.201279282569885254e-01,4.110324978828430176e-01,3.999535441398620605e-01,3.845012187957763672e-01,3.626548051834106445e-01,3.348296880722045898e-01,3.043544888496398926e-01,2.750267386436462402e-01,2.485563009977340698e-01,2.230531424283981323e-01,1.925749331712722778e-01,1.486772298812866211e-01,8.675570785999298096e-02,1.216097548604011536e-02,0.000000000000000000e+00,0.000000000000000000e+00,0.000000000000000000e+00,0.000000000000000000e+00
4.518674612045288086e-01,4.409012794494628906e-01,4.305878579616546631e-01,4.208591282367706299e-01,4.110023379325866699e-01,3.994567692279815674e-01,3.838436603546142578e-01,3.618028163909912109e-01,3.331944346427917480e-01,3.013028204441070557e-01,2.701882123947143555e-01,2.412472516298294067e-01,2.115962654352188110e-01,1.737360209226608276e-01,1.184298545122146606e-01,4.446740821003913879e-02,0.000000000000000000e+00,0.000000000000000000e+00,0.000000000000000000e+00,0.000000000000000000e+00,0.000000000000000000e+00
4.562308192253112793e-01,4.447563290596008301e-01,4.336946010589599609e-01,4.230514168739318848e-01,4.122813344001770020e-01,3.999907970428466797e-01,3.838797807693481445e-01,3.613892197608947754e-01,3.318687081336975098e-01,2.984429597854614258e-01,2.653863430023193359e-01,2.337094396352767944e-01,1.991845220327377319e-01,1.521459221839904785e-01,8.382250368595123291e-02,0.000000000000000000e+00,0.000000000000000000e+00,0.000000000000000000e+00,0.000000000000000000e+00,0.000000000000000000e+00,0.000000000000000000e+00
4.623605012893676758e-01,4.502817392349243164e-01,4.384882450103759766e-01,4.269125163555145264e-01,4.150844216346740723e-01,4.017761945724487305e-01,3.848215937614440918e-01,3.615831732749938965e-01,3.310005664825439453e-01,2.959974706172943115e-01,2.610111236572265625e-01,2.265147119760513306e-01,1.864059269428253174e-01,1.286450624465942383e-01,4.765682294964790344e-02,0.000000000000000000e+00,0.000000000000000000e+00,0.000000000000000000e+00,0.000000000000000000e+00,0.000000000000000000e+00,0.000000000000000000e+00
4.716165065765380859e-01,4.585105180740356445e-01,4.456342458724975586e-01,4.328312873840332031e-01,4.196076393127441406e-01,4.048609435558319092e-01,3.866255879402160645e-01,3.623169362545013428e-01,3.305880129337310791e-01,2.941845953464508057e-01,2.576332092285156250e-01,2.205412536859512329e-01,1.744819879531860352e-01,1.061338782310485840e-01,1.558639481663703918e-02,0.000000000000000000e+00,0.000000000000000000e+00,0.000000000000000000e+00,0.000000000000000000e+00,0.000000000000000000e+00,0.000000000000000000e+00
4.851880669593811035e-01,4.709001779556274414e-01,4.565187096595764160e-01,4.419062137603759766e-01,4.265850484371185303e-01,4.095580875873565674e-01,3.891510963439941406e-01,3.631269037723541260e-01,3.301593363285064697e-01,2.928882241249084473e-01,2.556488215923309326e-01,2.165517657995223999e-01,1.653552353382110596e-01,8.933159708976745605e-02,0.000000000000000000e+00,0.000000000000000000e+00,0.000000000000000000e+00,0.000000000000000000e+00,0.000000000000000000e+00,0.000000000000000000e+00,0.000000000000000000e+00
5.034250020980834961e-01,4.883109331130981445e-01,4.725702404975891113e-01,4.559333324432373047e-01,4.378758668899536133e-01,4.174601435661315918e-01,3.932697176933288574e-01,3.637368679046630859e-01,3.284851312637329102e-01,2.907411754131317139e-01,2.539466619491577148e-01,2.138019949197769165e-01,1.604332476854324341e-01,8.185927569866180420e-02,0.000000000000000000e+00,0.000000000000000000e+00,0.000000000000000000e+00,0.000000000000000000e+00,0.000000000000000000e+00,0.000000000000000000e+00,0.000000000000000000e+00
5.267262458801269531e-01,5.111083388328552246e-01,4.944347143173217773e-01,4.761745929718017578e-01,4.554998278617858887e-01,4.311946332454681396e-01,4.017023146152496338e-01,3.658362925052642822e-01,3.249850571155548096e-01,2.851269841194152832e-01,2.492031306028366089e-01,2.100766748189926147e-01,1.597630232572555542e-01,8.425435423851013184e-02,0.000000000000000000e+00,0.000000000000000000e+00,0.000000000000000000e+00,0.000000000000000000e+00,0.000000000000000000e+00,0.000000000000000000e+00,0.000000000000000000e+00
5.536770224571228027e-01,5.378203392028808594e-01,5.205482244491577148e-01,5.011022090911865234e-01,4.783051013946533203e-01,4.504311084747314453e-01,4.153341650962829590e-01,3.716709613800048828e-01,3.225064277648925781e-01,2.778254151344299316e-01,2.421656697988510132e-01,2.070787996053695679e-01,1.633816361427307129e-01,9.326747059822082520e-02,1.663599163293838501e-03,0.000000000000000000e+00,0.000000000000000000e+00,0.000000000000000000e+00,0.000000000000000000e+00,0.000000000000000000e+00,0.000000000000000000e+00
5.782922506332397461e-01,5.623407959938049316e-01,5.445792675018310547e-01,5.240539312362670898e-01,4.993400573730468750e-01,4.684467315673828125e-01,4.290900528430938721e-01,3.801212906837463379e-01,3.255661427974700928e-01,2.771873474121093750e-01,2.404199689626693726e-01,2.073919624090194702e-01,1.674403846263885498e-01,1.027020514011383057e-01,1.377258077263832092e-02,0.000000000000000000e+00,0.000000000000000000e+00,0.000000000000000000e+00,0.000000000000000000e+00,0.000000000000000000e+00,0.000000000000000000e+00
5.948028564453125000e-01,5.786003470420837402e-01,5.601624846458435059e-01,5.384690761566162109e-01,5.121421813964843750e-01,4.794100522994995117e-01,4.382839798927307129e-01,3.878254890441894531e-01,3.324983417987823486e-01,2.837198376655578613e-01,2.446683198213577271e-01,2.081638723611831665e-01,1.662075519561767578e-01,1.068475991487503052e-01,2.837462350726127625e-02,0.000000000000000000e+00,0.000000000000000000e+00,0.000000000000000000e+00,0.000000000000000000e+00,0.000000000000000000e+00,0.000000000000000000e+00
6.025891304016113281e-01,5.859271883964538574e-01,5.667847394943237305e-01,5.442420244216918945e-01,5.170639753341674805e-01,4.836072921752929688e-01,4.420528411865234375e-01,3.918779492378234863e-01,3.378896117210388184e-01,2.897792756557464600e-01,2.479124516248703003e-01,2.058097571134567261e-01,1.597254276275634766e-01,1.054971367120742798e-01,4.168870672583580017e-02,0.000000000000000000e+00,0.000000000000000000e+00,0.000000000000000000e+00,0.000000000000000000e+00,0.000000000000000000e+00,0.000000000000000000e+00
6.042971014976501465e-01,5.871895551681518555e-01,5.675975084304809570e-01,5.445840954780578613e-01,5.168247818946838379e-01,4.827176928520202637e-01,4.408227801322937012e-01,3.913443982601165771e-01,3.393642902374267578e-01,2.919686436653137207e-01,2.473961859941482544e-01,2.007316499948501587e-01,1.524506211280822754e-01,1.035529077053070068e-01,5.218755081295967102e-02,0.000000000000000000e+00,0.000000000000000000e+00,0.000000000000000000e+00,0.000000000000000000e+00,0.000000000000000000e+00,0.000000000000000000e+00
6.027241349220275879e-01,5.852258205413818359e-01,5.652153491973876953e-01,5.415925383567810059e-01,5.129907727241516113e-01,4.780142307281494141e-01,4.356761574745178223e-01,3.871529400348663330e-01,3.376845121383666992e-01,2.914679348468780518e-01,2.458494454622268677e-01,1.977301090955734253e-01,1.500259041786193848e-01,1.057703644037246704e-01,6.271395087242126465e-02,1.587666198611259460e-02,0.000000000000000000e+00,0.000000000000000000e+00,0.000000000000000000e+00,0.000000000000000000e+00,0.000000000000000000e+00
5.994222760200500488e-01,5.814022421836853027e-01,5.607135295867919922e-01,5.361953377723693848e-01,5.066011548042297363e-01,4.707393050193786621e-01,4.281683564186096191e-01,3.812492489814758301e-01,3.348778486251831055e-01,2.909984886646270752e-01,2.469946891069412231e-01,2.007019668817520142e-01,1.551878154277801514e-01,1.140954792499542236e-01,7.579456269741058350e-02,3.609463945031166077e-02,0.000000000000000000e+00,0.000000000000000000e+00,0.000000000000000000e+00,0.000000000000000000e+00,0.000000000000000000e+00
5.949359536170959473e-01,5.761855840682983398e-01,5.546048879623413086e-01,5.291182398796081543e-01,4.985992908477783203e-01,4.620364904403686523e-01,4.197920560836791992e-01,3.752837181091308594e-01,3.326105475425720215e-01,2.923353314399719238e-01,2.521457672119140625e-01,2.098463624715805054e-01,1.671476066112518311e-01,1.278564333915710449e-01,9.184435009956359863e-02,5.603592470288276672e-02,1.716938987374305725e-02,0.000000000000000000e+00,0.000000000000000000e+00,0.000000000000000000e+00,0.000000000000000000e+00
5.895279049873352051e-01,5.699298381805419922e-01,5.474420785903930664e-01,5.211018323898315430e-01,4.898175597190856934e-01,4.528809785842895508e-01,4.116991162300109863e-01,3.703281879425048828e-01,3.318313658237457275e-01,2.959696650505065918e-01,2.606847286224365234e-01,2.232767790555953979e-01,1.835665404796600342e-01,1.452273726463317871e-01,1.099879741668701172e-01,7.610775530338287354e-02,4.093999043107032776e-02,2.050604671239852905e-03,0.000000000000000000e+00,0.000000000000000000e+00,0.000000000000000000e+00
5.835180878639221191e-01,5.630905628204345703e-01,5.398370027542114258e-01,5.128090381622314453e-01,4.809258580207824707e-01,4.440482258796691895e-01,4.046966433525085449e-01,3.670033812522888184e-01,3.329074084758758545e-01,3.016801774501800537e-01,2.714136242866516113e-01,2.388759702444076538e-01,2.021517008543014526e-01,1.644099503755569458e-01,1.290962100028991699e-01,9.593972563743591309e-02,6.286880373954772949e-02,2.775070443749427795e-02,0.000000000000000000e+00,0.000000000000000000e+00,0.000000000000000000e+00
5.772484540939331055e-01,5.561378002166748047e-01,5.323061943054199219e-01,5.047029256820678711e-01,4.723968505859375000e-01,4.361210763454437256e-01,3.993092477321624756e-01,3.655946552753448486e-01,3.358395397663116455e-01,3.090076744556427002e-01,2.832627892494201660e-01,2.550578713417053223e-01,2.212369590997695923e-01,1.840975135564804077e-01,1.483002305030822754e-01,1.151015609502792358e-01,8.307367563247680664e-02,5.029555037617683411e-02,1.514141634106636047e-02,0.000000000000000000e+00,0.000000000000000000e+00
